0 0.026006
1 0.024028
2 0.017991
3 0.032915
4 0.020313
5 0.021459
6 0.060076
7 0.031488
8 0.048185
9 0.025530
10 0.028161
11 0.030890
12 0.032544
13 0.117993
14 0.037758
15 0.037839
16 0.040424
17 0.120292
18 0.042166
19 0.045747
20 0.049674
21 0.053212
22 0.057039
23 0.058308
24 0.058928
25 0.066861
26 0.065429
27 0.380701
28 0.058235
29 0.061082
30 0.061020
31 0.060823
32 0.063035
33 0.063748
34 0.067995
35 0.067043
36 0.300935
37 0.071184
38 0.075642
39 0.074456
40 0.076166
41 0.077453
42 0.078859
43 0.081098
44 0.083983
45 0.083623
46 0.385729
47 0.087611
48 0.089559
49 0.094791
50 0.098320
51 0.093638
52 0.101811
53 0.098129
54 0.100627
55 0.412916
56 0.108176
57 0.104795
58 0.105631
59 0.562087
60 0.119902
61 0.120387
62 0.115276
63 0.116303
64 0.117138
65 0.124847
66 0.128006
67 0.125607
68 0.130724
69 0.135387
70 0.127449
71 0.130952
72 0.131149
73 0.130221
74 0.663649
75 0.136778
76 0.137098
77 0.140423
78 0.140747
79 0.145056
80 0.144028
81 0.173545
82 0.147777
83 0.150443
84 0.164343
85 0.160851
86 0.155246
87 0.154811
88 0.154761
89 0.163112
90 0.164683
91 0.173828
92 0.188591
93 0.179126
94 0.818379
95 0.169532
96 0.182834
97 0.189365
98 0.192829
99 0.181635